/annex/objects/SHA256E-s40458309--e0f135f8e287bbe585ef976fdb1e204be119729b2c3955677eb123d4add7934b.csv
