/annex/objects/SHA256E-s42106281--b8708f165375e8fb657b17278bec3d9fb8a99f3f5ae7ae439dac76c68f09e2ba.csv
